3.0 0.12489799782633781 0.8882060050964355 0.14086798578500748 0.1597050428390503
3.0 0.5438169836997986 0.8900489807128906 0.08435702323913574 0.19778895378112793
3.0 0.6887800097465515 0.831695020198822 0.0941849946975708 0.20884501934051514
3.0 0.4271090030670166 0.8882060050964355 0.11302196979522705 0.16953301429748535
3.0 0.29565900564193726 0.8765360116958618 0.11220300197601318 0.13390696048736572
3.0 0.09377600625157356 0.27211300283670425 0.08681400865316391 0.20024602115154266
3.0 0.4250609874725342 0.2549139931797981 0.09254699945449829 0.23218701779842377
3.0 0.29975399374961853 0.20393100380897522 0.12858301401138306 0.10319399833679199
3.0 0.5990989804267883 0.2506139874458313 0.09991800785064697 0.2186729907989502
3.0 0.7747750282287598 0.22665799409151077 0.07616698741912842 0.16339097917079926
