3.0 0.3410390019416809 0.18163800239562988 0.12065201997756958 0.2655220031738281
3.0 0.15037399530410767 0.18692200630903244 0.09687399864196777 0.23910202085971832
3.0 0.21686501055955887 0.8480849862098694 0.12593601644039154 0.22985494136810303
3.0 0.3996039927005768 0.8863940238952637 0.12505501508712769 0.19815099239349365
3.0 0.5523999929428101 0.9247030019760132 0.11184501647949219 0.1268160343170166
3.0 0.7056360244750977 0.9174370169639587 0.06605005264282227 0.13606297969818115
3.0 0.8874940276145935 0.9154559969902039 0.16028201580047607 0.15059399604797363
3.0 0.5506380200386047 0.20937900990247726 0.08894801139831543 0.24702800810337067
3.0 0.767283022403717 0.22721299529075623 0.09951603412628174 0.2826949954032898
3.0 0.9363719820976257 0.21532399952411652 0.11184501647949219 0.2536329925060272
