3.0 0.47314001619815826 0.8612949848175049 0.09599301218986511 0.20871901512145996
3.0 0.6003959774971008 0.8863940238952637 0.08102202415466309 0.14795196056365967
3.0 0.7285339832305908 0.8685600161552429 0.08718597888946533 0.1439889669418335
3.0 0.8888149857521057 0.8778070211410522 0.15059399604797363 0.1783360242843628
3.0 0.245046004652977 0.26089799404144287 0.0854249894618988 0.20739799737930298
3.0 0.39343899488449097 0.25033000856637955 0.08278298377990723 0.21004001796245575
3.0 0.5673710107803345 0.24042299762368202 0.0836639404296875 0.24834900349378586
3.0 0.7628800272941589 0.24042299762368202 0.08718597888946533 0.23513900488615036
3.0 0.9020259976387024 0.2800529897212982 0.09070897102355957 0.23778098821640015
3.0 0.3058120012283325 0.8295900225639343 0.09246999025344849 0.20079302787780762
