3.0 0.5915899872779846 0.8976219892501831 0.10215795040130615 0.19683003425598145
3.0 0.4365919828414917 0.9240419864654541 0.08454394340515137 0.14927303791046143
3.0 0.2956849932670593 0.9174370169639587 0.08102202415466309 0.12285304069519043
3.0 0.11206501722335815 0.9128140211105347 0.1576399803161621 0.15059399604797363
3.0 0.45332497358322144 0.20079299807548523 0.0915900468826294 0.2826949954032898
3.0 0.2199469804763794 0.204755999147892 0.08630597591400146 0.2562749832868576
3.0 0.06450897455215454 0.21598399430513382 0.08718597888946533 0.2734479755163193
3.0 0.8500660061836243 0.1908850073814392 0.08014094829559326 0.22589200735092163
3.0 0.6642450094223022 0.18163800612092018 0.08718597888946533 0.21268200129270554
3.0 0.7734480202198029 0.8712019920349121 0.10656100511550903 0.2047560214996338
