3.0 0.6183223332078145 0.6808905108018751 0.13836276122581503 0.1293369758596843
3.0 0.6345540730643318 0.24070623205722833 0.11415909878263364 0.15295626409259605
3.0 0.5074234764463814 0.25051676716246485 0.12741827385332433 0.1372960998534928
3.0 0.3523537192118056 0.3088284960639569 0.13395476903162884 0.1613208962951124
3.0 0.23987778134975143 0.35053981611884544 0.08479377059966692 0.14344155446249407
3.0 0.8431720557706461 0.22100104941065635 0.12797831490620004 0.2224380057233023
3.0 0.7596019642753853 0.2538047512737947 0.061190797010393205 0.09991162015748947
3.0 0.493046665716371 0.8227992981400927 0.5680641450905886 0.22338648721060228
3.0 0.47624924151077913 0.7136335673401815 0.08655538161326992 0.09428414557476572
3.0 0.8187421307779196 0.6314460113167615 0.07679240110719188 0.11315721470081608
