3.0 0.5339890122413635 0.2555280104279518 0.11384093761444092 0.12530700862407684
3.0 0.37796902656555176 0.28378400206565857 0.12776398658752441 0.14250600337982178
3.0 0.25429999828338623 0.2886979877948761 0.09336602687835693 0.10810798406600952
3.0 0.14209699630737305 0.275798998773098 0.05405402183532715 0.0896809846162796
3.0 0.535627007484436 0.7008600234985352 0.2530710697174072 0.10687994956970215
3.0 0.5282559990882874 0.815110981464386 0.590499997138977 0.08476698398590088
3.0 0.8058969974517822 0.6799749732017517 0.0728909969329834 0.11916506290435791
3.0 0.6625720262527466 0.2825550138950348 0.10892701148986816 0.13022100925445557
3.0 0.8439799845218658 0.29238298535346985 0.16216200590133667 0.154790997505188
3.0 0.9238329827785492 0.6007369756698608 0.07452899217605591 0.11793601512908936
