3.0 0.4287469983100891 0.8759210109710693 0.10810798406600952 0.16461896896362305
3.0 0.30589699000120163 0.8624079823493958 0.11302198469638824 0.13759195804595947
3.0 0.12448800355195999 0.8900489807128906 0.14823900163173676 0.15847694873809814
3.0 0.5540540218353271 0.8820639848709106 0.11302196979522705 0.22113001346588135
3.0 0.7002459764480591 0.8329240083694458 0.1105649471282959 0.2186729907989502
3.0 0.6117939949035645 0.2500000074505806 0.09746098518371582 0.23218701779842377
3.0 0.43529900908470154 0.25982800126075745 0.1048319935798645 0.24692898988723755
3.0 0.07985300198197365 0.2684279978275299 0.09664200991392136 0.21007400751113892
3.0 0.23914800584316254 0.24754299968481064 0.10892698168754578 0.23218698799610138
3.0 0.7653560042381287 0.23894299566745758 0.10646998882293701 0.1855039894580841
